10
00101100100
11001010111
01011111101
00001010100
01101111011
11110110011
00110100010
10110111001
11000100010
00110010110
01001111011
01111110111
10111111001
01111011011
01110011000
00101011111
00010101000
10111011011
01111000100
01111001111
00000010010
00011111111
10110110011
11110011011
00011100010
11010010111
11001010100
10001001010
11010110000
01100111111
00100001100
01110100100
11001101011
01100001010
01001111111
11111110011
10000101010
10001110010
10100101111
00111010100
10001010010
11110100011
11011001111
10000010100
11011110111
11000001010
10110101000
11001111011
01111100101
01101010100
11101111101
11100100010
10000101000
10101100000
10010011100
11111110101
10000001010
00011100110
10111001011
10100110010
11001100010
01111101111
01111111011
01100111000
10100101100
01110000000
10011011011
10110000010
01111010011
00111101111
11011101101
01101010000
01100100100
01000010110
10010001100
10110111101
01111001011
00111000110
11100000000
01011100000
01110011011
00101001000
10110011111
00001001000
00110101010
10101010000
10011100111
10010111111
11111011111
01001001010
01100011000
11111100111
00100010010
01000100000
11101110111
01100000100
00110001110
00010100110
10010011010
10010011111
00110001010
11100010111
11111111011
01110101000
11100101101
01011010010
00110000010
00011110010
11001000010
00111001111
00111100010
10010100000
01100010010
01011111111
01100100010
00001110100
01010010000
01101011101
01100001000
10010001110
11111100011
00110111011
01100001110
00001001010
11111000101
11011111001
11010101000
10011011000
01011101011
01001010110
01110100111
10010100100
01011011000
10100011111
10111010000
00010011010
10010110100
01101111101
11110001000
00101010000
00000000100
00111000010
10011001000
00111110000
10101110101
01010001100
10110001111
01010111011
10001100100
10000000100
01100011100
01010000000
01011111011
10111110011
11000101010
10011111111
01101100100
00011100100
11100001100
01011001111
00000101010
11010111101
01101000010
10011000100
11011100011
10111011101
10101000010
11010010010
01110010111
10100011010
10110110111
00100000000
01111100011
11010100010
10101000000
01100110000
00011100000
00100110000
10000101110
11001001111
01001001100
00101000110
01010100010
00001001100
00001111111
10111010111
01101111111
01010111000
11110000111
10010010010
11110100111
11010011101
10110010100
00100110100
01111110011
11111011011
01101111001
00011000100
00011000110
00000010110
00101110000
11011010011
01110110101
10101110000
00110101100
01111011101
00100010110
01001001110
00100100100
01000010010
00000111100
00111111111
11010110011
01001100010
11010001111
01111101011
01000101010
00001010110
10011001010
00111111101
10100101000
11101010000
10000110110
11011111011
10010000110
00110011111
10011101011
01001100100
01000100110
00111110011
10101101011
00000001100
01100011010
11100111001
11100100000
11110100000
00110010000
00011101010
01110010000
10111010011
10001111111
00010001110
00111100000
00100100010
10101011000
00000100100
10110101011
01101011000
10000001100
00111101000
11011101001
10010110010
11110011101
00110000110
00111010010
11100101111
01000011000
10101101000
01101011111
01100110100
00010101010
00111111001
10000111010
10010101010
11001111111
01000011010
01111100000
00110100110
11101100000
00000001010
01110101011
11000010000
10110000110
00111001000
00100001110
10011101111
00101001110
01101110011
11100110111
00110100100
11001100111
11001100000
10101000100
00000111010
00101101100
11000110100
11110101001
11110011111
11001011111
11100010000
11111010011
11010000110
10100011000
10100010000
11001111101
00011010000
00101111111
01110110011
01110001111
11100001111
01010010010
01001001000
10100111101
11101000010
11000010110
01001101000
00011001010
10100100100
11000001100
00100010100
11011100111
01100000110
01010001110
00001110010
10000101100
01100100110
11100100111
11101101001
00001000100
11110010011
01011000100
10011000000
01000001110
11010100111
01101001111
00000010000
10010001010
10001011000
11010111011
11011101111
10111111101
00000110010
10100101010
00101101000
10100000100
10000000110
10100001010
00011110000
00011001110
10111011001
10100100010
00000111000
01110011111
00000100000
01100111101
01110000110
00010011000
10000111000
00100001010
11011011001
11000011010
01110001100
11110000010
00101010100
10111001111
01111111101
11111101001
10101000110
01011100100
01111001000
11110010000
10010011000
11101101011
11100010100
00100001000
01111100111
00011111101
01110111011
10111110001
10111101011
10100000110
11000100100
11110011001
10000010000
10001011100
01001111000
01000000000
00000101000
10000111111
00001011010
11011001011
10001111011
01110110111
11011101011
01001110111
11111000000
10000100000
00010111100
01000111100
10100011100
00001000000
01111111111
00101110100
10101010010
01001011100
11101001011
10001101111
10001000000
10101010100
11011100000
11100111101
00101000010
00011001100
00111110101
01100111011
10011001100
11011100101
00001010000
11101000111
10101111001
11010001100
00110110111
00010110110
11000001000
10101001000
00000100010
01010110100
11000011111
01100010100
00100110010
11101110011
11110101011
00100000110
01110111101
01010101111
00111011011
11011011011
11101011111
00100111100
00010111111
01111000010
00010110000
00100101100
01100000000
10001011111
10100010100
00110011000
10110000100
01010111101
01001100000
01000011110
01011011011
00101011100
10110001100
10110110000
11000000110
11010000000
00010010000
11110010111
01000110110
11110000100
10000010010
01111010101
00001000110
10110001000
11110001011
11000110000
11100000110
00011011100
00010101100
00011111000
00000101100
11101011101
01001000100
00101101111
11011011101
01000000010
11111101101
01000011100
01010011100
11001101101
11111010111
01110110000
00100011110
10110111111
00100111010
11100111111
00011010110
11111000011
11000000010
00010101110
01010000110
01010100110
01010001000
00101010110
00100101110
00001100000
11011010101
01001100110
00010000110
00111111011
00111101011
00001101010
10110100000
00111011111
01010111111
11111010001
11001001010
11110111111
00110101111
00010000000
11010010100
00000000000
01011100010
10001011010
01101110111
11100110000
10001111101
10110000000
11000100000
00111001010
01010000010
10100111000
01011110011
10011110111
10010000100
11111001001
11110001101
10101111101
11001110011
10111000100
10001110000
00000110000
00001111100
00101110010
01011001000
10011110000
01010010110
10110100010
01101110000
10100111011
11101000000
10101011111
01000101100
00101101010
00110010100
11000111111
11000001110
11101010011
10111111111
11010110101
10000011110
11011000000
11010011000
10010101000
10001001000
00011111011
00000001000
10011111011
10011011111
10101100010
10001001110
10101001010
11100101011
10010010000
00011011111
00111000000
01001010100
10111000111
01001110010
10110100111
01110100000
01110111001
01000000100
01011011111
00000000010
00101100000
11001110101
00011000010
00110110100
10000011000
10111100011
11111111001
01011010111
10100110111
01110101111
11001110000
11000000000
00010100000
01000101110
10011111101
11000011000
11010011111
01001011111
01011101000
00000101110
10100111111
10010111011
11101111011
10001101000
00011101100
01110100010
11101001101
10100000010
01000110010
01111000000
00101011010
11100011011
00001011000
00010110100
00000011110
00010011110
00110010010
00100100000
00000110100
11000101100
11101110101
10100100000
01011010000
00010001000
01101000000
10001001100
01001101111
10011010100
11101000100
00110011100
11010100000
01100101111
10010000000
10110010000
11011000010
00101100010
01000101000
11111101111
11010000010
01011011101
10110101111
00001001110
01111000111
01010010100
10011101000
01011010100
11110001111
10111001101
10011010111
10000110000
10100000000
11110111011
11100010010
01101010010
01111010000
11001111001
11111011101
10001010110
00110101000
11010011011
10100010010
00111110111
00101111011
11010000100
10101110111
00011011010
11111001111
00010110010
00111100111
11101001000
10011010010
11001101111
00110111000
10010110111
10110011101
00001011100
11011011111
01100101000
11110110001
10011000110
11110100101
11010001000
00101100110
00011001000
10010100110
11111111101
11110110111
01011001010
01100001100
01001000000
00101111101
11100111011
00110110000
00001011110
11000000100
10000001110
01011001100
10001101010
01000010100
01110010100
11010101101
11100000100
00001110110
00111100100
01000010000
10011101101
10010000010
11010110111
01100000010
00011101111
00010001100
00000110110
10000011010
01101000110
00001101110
01001010000
01111110001
01111001101
01011110101
01011101101
11111111111
10001100010
10010111000
10110101101
01100110111
10101001111
10111100000
00100011000
00101011000
01111011001
01011110111
01010110111
10001010000
01101001000
01101101011
00010111010
10111000000
01100010110
00001100100
01000111000
10101101101
10101011101
10000111100
01001101010
11000101000
01010101010
00110111111
00001111010
11011111101
01000111010
01100110010
01001111101
10111000010
00010011100
11101111111
00010000100
00010010110
10011110011
10001100000
01101001100
00010100010
11010001010
11000111011
00001100010
00000100110
01010000100
10111111011
11101010111
10010001000
10111001000
11000100110
11100011101
00000011000
01111111001
10000100100
00100000100
11100001010
01010100100
00001100110
10111101101
00000001110
00000011100
10001111000
11101110001
10101001100
10100001100
11100011111
01011000000
01101100000
00100011010
00101000100
11011010000
10100110100
00111011101
11101011001
10111011111
01110010010
00011110111
01011000010
01100011111
11001000100
01001110000
01000000110
10011011101
00001000010
01101000100
11010100100
00101010010
01011111001
01110111111
00100010000
10011100010
11000110010
01111101001
00010000010
01000110000
10011111001
00011010100
01111010111
00110011010
01000001100
11101100101
11101010101
11010111111
10111010101
01011110000
11001100100
00110000000
01101101101
10100110000
11011000111
11101101101
00010100100
11111101011
10010101111
11111010101
00000010100
11000111101
10100001110
00100100110
10101110011
10101111011
10000100010
11101011011
01000111111
00001101100
11011110011
11000110111
11100100100
01100100000
01001110100
01010011010
10100010110
00100110110
11111100001
11011001000
01101100010
00100011100
11110111001
01010101000
01001101100
00000011010
00001010010
10001100110
10010010110
00100111000
00001110000
11010101011
11011010111
01010011000
10111110101
00101000000
01000110100
01101110101
10100001000
01010110010
10001110100
00000111110
10000110100
10011100000
00011110100
10111110111
11101111001
01010001010
00110000100
11110010101
11111011001
00111001100
00100000010
00011011000
11100101000
01000100100
00101001010
01101011011
11011000100
00100101000
11111000111
10001101100
01110101101
01001010010
00010111000
00010010010
10101101111
10010100010
01110000010
11110101101
10101111111
01010100000
10011100100
01101010111
10111101111
00001111000
11100011000
10011010000
11110111101
01100101010
11001011000
00011000000
01101100111
01001000010
10000000000
11010111001
11001011011
10001000100
10001010100
11001101000
00011010010
11001001100
01101101111
00101111000
10010010100
01100010000
01010110000
00110110010
10000100110
11100000010
11000111000
10101100100
11111001011
00110001100
10111101001
10011001111
00111010111
10010111101
11101101111
01011000110
11111110111
11011001101
11001000110
10001000110
11010101111
11110101111
10010110000
01101101000
10101010111
01000001000
10101011011
10110010111
01111110101
01000100010
11001011101
10110111011
11111001101
01010011111
11001010010
10000110010
11000010010
11101001111
10001110111
10110011011
11001001000
10111100111
11101100111
11100110011
11000010100
10001000010
10110010010
10011110101
00100111111
01011100111
00101001100
01111011111
00111010000
11001000000
00110111101
00000000110
11111110001
00010010100
11011110001
01001011010
11110110101
01111101101
10100100110
01001000110
00110001000
00001101000
01110001000
11001010000
10000010110
00110100000
00010001010
11100001000
01001011000
11000011100
01011101111
10110001010
11010010000
10110011000
01010101100
11100110101
01000001010
10101100111
00111000100
10110100100
11111100101
00100101010
00101110111
00111011000
10010101100
10111100101
11011110101
11001110111
11110000000
10110110101
10011000010
11000101111
01110000100
10000000010
01110001010
01110011101
01100101100
00011101000
00111101101
11101100011
01101001010
11011111111
10000011100
10000001000
